1 0.399828 0.380646 0.388125 0.382437 0.376875 0.379750 0.364047 0.383937 0.349203 0.383937 0.335922 0.382437 0.320406 0.382437 0.316125 0.382437 0.308906 0.393542 0.311406 0.400208 0.313125 0.416875 0.315625 0.430417 0.316797 0.440333 0.317250 0.450542 0.311625 0.456250 0.321531 0.464333 0.337281 0.466146 0.369453 0.464937 0.404328 0.465542 0.447297 0.464333 0.442797 0.453542 0.438078 0.448437 0.429969 0.441542 0.429078 0.430438 0.423453 0.420542 0.417594 0.412750 0.419172 0.425646 0.417375 0.431938 0.416469 0.422042 0.411078 0.415146 0.406797 0.400146
1 0.581094 0.206563 0.592969 0.210875 0.605391 0.217375 0.615109 0.223854 0.621859 0.237521 0.627266 0.253375 0.630766 0.261646 0.626984 0.269208 0.624563 0.278917 0.625375 0.284688 0.630500 0.291167 0.631844 0.304854 0.628875 0.309521 0.623750 0.310250 0.614297 0.309167 0.607281 0.309875 0.598094 0.305917 0.586484 0.304125 0.581906 0.303396 0.585687 0.295479 0.592969 0.293333 0.585141 0.279292 0.584875 0.265250 0.580016 0.247250
1 0.551656 0.197917 0.551937 0.186771 0.550312 0.175958 0.547875 0.163729 0.545453 0.154000 0.538438 0.138875 0.532219 0.125562 0.526281 0.129167 0.517094 0.139958 0.504687 0.150396 0.493078 0.165167 0.483891 0.180646 0.481469 0.189292 0.479297 0.196125 0.475250 0.206917 0.475250 0.219167 0.480109 0.234292 0.480922 0.243646 0.486594 0.245812 0.498469 0.234646 0.509813 0.226729 0.521156 0.222042 0.535187 0.218437 0.546266 0.213396 0.552203 0.204042
0 0.657500 0.268125 0.648859 0.282521 0.641297 0.292250 0.631313 0.302687 0.630766 0.306646 0.624297 0.311688 0.630500 0.318521 0.638594 0.330042 0.650484 0.342292 0.666406 0.366042 0.676672 0.372875 0.682344 0.381167 0.682344 0.385125 0.691797 0.384396 0.701234 0.377562 0.708797 0.368917 0.710687 0.359917 0.723922 0.356333 0.723109 0.348396 0.720938 0.340208 0.715547 0.335437 0.704750 0.323208
1 0.440969 0.441646 0.437453 0.446688 0.444203 0.454250 0.447984 0.464688 0.438531 0.465396 0.436906 0.474771 0.448516 0.479813 0.452578 0.484125 0.470937 0.485917 0.479031 0.486646 0.491453 0.487729 0.501172 0.478729 0.491187 0.474396 0.486594 0.466854 0.482266 0.455333 0.479031 0.449208 0.471734 0.449917 0.461750 0.444521 0.455266 0.447396 0.444203 0.447396
1 0.557547 0.431938 0.556203 0.439438 0.549906 0.455042 0.544281 0.467042 0.542922 0.479646 0.536625 0.489542 0.548781 0.488937 0.561156 0.489833 0.570375 0.482333 0.576906 0.473042 0.584094 0.468250 0.589047 0.466437 0.589953 0.459542 0.596250 0.453250 0.596922 0.448750
1 0.666000 0.363833 0.655875 0.376437 0.652281 0.382146 0.654750 0.396250 0.663531 0.401042 0.664656 0.403146 0.662406 0.413333 0.658125 0.419646 0.647094 0.424146 0.639453 0.426833 0.637656 0.448146 0.637875 0.452937 0.645297 0.461333 0.654969 0.468833 0.666453 0.490437 0.674094 0.505146 0.681969 0.489833 0.699750 0.460146 0.714156 0.436438 0.725844 0.422646 0.743172 0.400750 0.730797 0.392042 0.717750 0.376437 0.709656 0.369833 0.707406 0.367146 0.701094 0.375542 0.694344 0.383333 0.690750 0.385750 0.684672 0.385750 0.681297 0.383333 0.680172 0.378250 0.672750 0.368938
1 0.479844 0.192521 0.477406 0.186396 0.469578 0.184250 0.462563 0.182812 0.455266 0.182083 0.449328 0.181000 0.437188 0.182437 0.425844 0.188208 0.418547 0.192875 0.415313 0.191083 0.409094 0.191812 0.402078 0.198292 0.399109 0.206917 0.396141 0.218437 0.394797 0.229958 0.397484 0.238250 0.405328 0.243646 0.418016 0.244000 0.428266 0.245083 0.445281 0.253000 0.457703 0.263437 0.465531 0.259479 0.475250 0.254437 0.480375 0.240396 0.477953 0.226000 0.475312 0.208750 0.481734 0.191812
0 0.573531 0.371937 0.568125 0.392333 0.558672 0.423250 0.556656 0.429542 0.627297 0.463146 0.638547 0.449937 0.640125 0.427437 0.632703 0.426833 0.619203 0.430146 0.611094 0.429833 0.604578 0.425937 0.596703 0.424750 0.593328 0.414250 0.585219 0.402833 0.580281 0.394146 0.578031 0.385437 0.576906 0.371333 0.576219 0.365646
1 0.507828 0.356333 0.500844 0.351833 0.486453 0.336833 0.472719 0.322750 0.455844 0.302937 0.443922 0.291542 0.437844 0.280438 0.447531 0.272646 0.452031 0.269333 0.458781 0.263333 0.475656 0.253438 0.488703 0.245333 0.501969 0.231250 0.509625 0.226437 0.526281 0.220146 0.534828 0.218333 0.544953 0.212646 0.553719 0.203333 0.567000 0.200646 0.580047 0.203333 0.580281 0.211750 0.581406 0.227042 0.580281 0.248042 0.584781 0.267833 0.585000 0.279792 0.591750 0.293042 0.584547 0.296042 0.581625 0.304146 0.576219 0.306542 0.567219 0.307437 0.567453 0.317646 0.549219 0.317333 0.537750 0.316146 0.529656 0.328146 0.516594 0.333833
1 0.695844 0.193604 0.696375 0.201167 0.693953 0.209437 0.683422 0.228167 0.678016 0.244729 0.690172 0.256250 0.702859 0.267771 0.706641 0.275688 0.712313 0.259125 0.719328 0.252646 0.729594 0.259854 0.733094 0.249042 0.736609 0.236083 0.739047 0.223854 0.743094 0.209437
1 0.392734 0.358417 0.404344 0.353021 0.411094 0.342938 0.417312 0.336812 0.426766 0.327083 0.439719 0.317729 0.443766 0.318458 0.445125 0.323854 0.449703 0.332500 0.458891 0.337542 0.471047 0.348687 0.486422 0.369937 0.492094 0.373542 0.496953 0.361292 0.499125 0.374604 0.502359 0.386125 0.502625 0.389729 0.499656 0.412062 0.496156 0.423208 0.492641 0.434729 0.482922 0.446604 0.471312 0.450208 0.462672 0.444812 0.451063 0.447333 0.442953 0.446979 0.442156 0.439063 0.436750 0.431125 0.425672 0.422125 0.417578 0.412417 0.419469 0.424292 0.417844 0.432208 0.415953 0.422125 0.410828 0.417083 0.409484 0.408083
0 0.451578 0.298438 0.443922 0.321833 0.448422 0.330250 0.457875 0.336542 0.471375 0.350042 0.481953 0.365042 0.490953 0.373750 0.496797 0.362646 0.501750 0.353042
1 0.455813 0.262729 0.442047 0.253375 0.427734 0.246521 0.408297 0.245812 0.394516 0.245812 0.385609 0.243292 0.380219 0.238604 0.373469 0.233563 0.358344 0.227083 0.358078 0.239687 0.354828 0.256958 0.351328 0.270646 0.348078 0.285042 0.347000 0.308438 0.343484 0.330771 0.342687 0.346604 0.342953 0.361375 0.339719 0.369646 0.347000 0.373604 0.353484 0.384396 0.368328 0.383687 0.376156 0.378646 0.389391 0.382958 0.399656 0.380438 0.393172 0.358854 0.405328 0.352729 0.413687 0.339771 0.430156 0.322854 0.440156 0.316375 0.444469 0.318875 0.450406 0.299812 0.442844 0.290438 0.436906 0.279292 0.457156 0.264167
0 0.537750 0.316437 0.528531 0.329937 0.516156 0.332937 0.513906 0.345250 0.513000 0.357542 0.507156 0.375250 0.502422 0.392938 0.499281 0.416042 0.495000 0.429833 0.493422 0.441833 0.486000 0.444833 0.479469 0.450833 0.483969 0.458333 0.487797 0.468542 0.494328 0.476042 0.503328 0.476333 0.506250 0.476938 0.511656 0.487146 0.523797 0.493437 0.536625 0.502750 0.534594 0.493437 0.538656 0.487146 0.543375 0.477250 0.544281 0.466146 0.552828 0.446937 0.556656 0.439750 0.556422 0.429542 0.565422 0.403750 0.573531 0.374646 0.576219 0.363833 0.578031 0.353333 0.578250 0.331750 0.578031 0.318833 0.577797 0.316437 0.564969 0.317938
1 0.578250 0.329937 0.585219 0.322146 0.594906 0.320042 0.605031 0.316437 0.616719 0.327542 0.623469 0.339250 0.637203 0.346438 0.643500 0.348833 0.647781 0.361750 0.652281 0.377333 0.654297 0.395646 0.663750 0.402542 0.663078 0.412146 0.656547 0.421437 0.641250 0.426542 0.632250 0.426542 0.619422 0.429833 0.613797 0.429833 0.605703 0.425646 0.596703 0.424437 0.593094 0.413333 0.587703 0.405833 0.581406 0.397750 0.578922 0.388146 0.577797 0.373750 0.576000 0.366833 0.577797 0.353937 0.577797 0.342833
0 0.452578 0.127729 0.445547 0.135292 0.433672 0.150396 0.437453 0.155438 0.438531 0.163375 0.442312 0.167333 0.445547 0.169479 0.446625 0.181000 0.469313 0.183875 0.477141 0.185333 0.480109 0.192875 0.483891 0.178854 0.500094 0.156875 0.498469 0.147167 0.496047 0.132396 0.490375 0.135292 0.469578 0.131688
1 0.719094 0.252833 0.713469 0.257646 0.710781 0.267250 0.706500 0.279833 0.702672 0.294250 0.699078 0.309542 0.698406 0.315833 0.707406 0.326646 0.716406 0.336542 0.722469 0.341042 0.722922 0.349437 0.723594 0.354833 0.721578 0.357250 0.713922 0.359042 0.710094 0.363250 0.708969 0.370146 0.717969 0.375542 0.723375 0.383042 0.731250 0.392042 0.739578 0.397437 0.745656 0.400146 0.752844 0.393833 0.755781 0.388146 0.757578 0.381833 0.761406 0.371333 0.765672 0.358750 0.771969 0.345250 0.774219 0.335938 0.778953 0.323042 0.785031 0.317646 0.777828 0.308646 0.765906 0.299938 0.752406 0.284333 0.742047 0.278333 0.737094 0.272333 0.731469 0.261542 0.727656 0.257937
1 0.552734 0.200437 0.552469 0.186042 0.560297 0.170563 0.565969 0.158333 0.568672 0.149688 0.571094 0.135292 0.577578 0.116917 0.579469 0.115125 0.593781 0.125562 0.609172 0.129167 0.618344 0.138167 0.636984 0.154375 0.650219 0.158688 0.661828 0.167687 0.680984 0.181000 0.695031 0.191438 0.695297 0.202958 0.687203 0.218437 0.679094 0.241479 0.668031 0.266333 0.665063 0.274604 0.656422 0.267771 0.649937 0.280375 0.642109 0.277125 0.631047 0.265250 0.630234 0.259125 0.614844 0.222771 0.594047 0.209437 0.580281 0.205479 0.580281 0.200437 0.572453 0.199729 0.554625 0.202958
