1 0.426563 0.124646 0.419844 0.127354 0.405469 0.130896 0.384375 0.135479 0.371719 0.139646 0.359375 0.141937 0.341875 0.144229 0.342813 0.149854 0.343906 0.156729 0.347031 0.166313 0.351406 0.179646 0.352187 0.190688 0.352031 0.209021 0.351875 0.226729 0.353125 0.244646 0.354063 0.264646 0.350000 0.285479 0.350094 0.301625 0.352172 0.306875 0.372219 0.302625 0.387031 0.294125 0.408234 0.280625 0.421906 0.274375 0.431672 0.280375 0.436906 0.280375 0.442734 0.274375 0.434859 0.266875 0.430719 0.250625 0.430719 0.244125 0.430359 0.222625 0.429594 0.199375 0.424344 0.191375 0.429406 0.185875 0.428094 0.169125 0.428469 0.149375 0.429969 0.138625 0.430844 0.123438
1 0.348359 0.301125 0.345438 0.321875 0.342516 0.339146 0.342203 0.360750 0.338313 0.370688 0.346406 0.376729 0.354187 0.381917 0.370391 0.383208 0.383016 0.372833 0.389828 0.374562 0.391766 0.383208 0.399547 0.378896 0.409594 0.370250 0.413797 0.361187 0.419953 0.354271 0.425469 0.344333 0.433234 0.339583 0.442641 0.339583 0.451391 0.343896 0.462719 0.350375 0.472125 0.351250 0.460453 0.338708 0.450734 0.333521 0.442641 0.322729 0.445547 0.316687 0.451063 0.298979 0.440688 0.284292 0.436156 0.282125 0.425141 0.278229 0.421578 0.275208 0.406344 0.282125 0.390469 0.292063 0.376859 0.300708 0.365844 0.305021 0.351922 0.307604
1 0.436937 0.281250 0.451734 0.299125 0.475453 0.318833 0.494437 0.341542 0.509234 0.355313 0.515359 0.343021 0.517875 0.330000 0.528203 0.331500 0.536859 0.322563 0.544953 0.312896 0.559734 0.316604 0.567828 0.316229 0.568672 0.309167 0.571734 0.306563 0.578719 0.306938 0.583187 0.307312 0.582906 0.296896 0.590156 0.295021 0.592109 0.291313 0.587375 0.282750 0.583187 0.273062 0.583187 0.254104 0.580672 0.235500 0.573688 0.226187 0.561688 0.221354 0.553047 0.220229 0.545500 0.212417 0.538250 0.208333 0.528766 0.215396 0.516203 0.224333 0.504484 0.224708 0.496672 0.235125 0.486625 0.248521 0.474625 0.253354 0.457594 0.264521 0.451734 0.266000
1 0.577047 0.197917 0.581781 0.207583 0.590437 0.215396 0.590719 0.222833 0.589609 0.233625 0.586531 0.245167 0.581781 0.241812 0.583187 0.253729 0.582625 0.272708 0.591281 0.291313 0.590437 0.296146 0.582344 0.296521 0.584859 0.304333 0.596297 0.311021 0.606062 0.316604 0.614156 0.313625 0.621703 0.310292 0.625328 0.307312 0.634250 0.299125 0.630625 0.289813 0.624203 0.276792 0.623922 0.268604 0.626156 0.255208 0.620859 0.245542 0.616953 0.231021 0.607187 0.218750 0.601875 0.213167
1 0.424531 0.190479 0.431562 0.184438 0.435937 0.183813 0.445469 0.183813 0.454375 0.183813 0.458906 0.186104 0.466563 0.187354 0.472656 0.188396 0.476875 0.197563 0.477187 0.202146 0.475625 0.214646 0.478437 0.226312 0.476094 0.237146 0.475000 0.247771 0.472187 0.255208 0.461250 0.261104 0.455469 0.261937 0.447813 0.258604 0.442500 0.253604 0.432188 0.250479 0.430469 0.246313 0.430625 0.230063 0.430156 0.215063 0.429375 0.198396
1 0.574250 0.127396 0.570062 0.140792 0.567281 0.150083 0.562812 0.162375 0.556953 0.175771 0.553875 0.180979 0.551094 0.190271 0.552031 0.198542 0.565312 0.199792 0.572297 0.199583 0.580391 0.199583 0.592672 0.207021 0.608578 0.219312 0.616391 0.231208 0.621422 0.247958 0.629234 0.259854 0.644578 0.273625 0.651000 0.279583 0.658250 0.263958 0.664109 0.275500 0.671656 0.261354 0.677516 0.246833 0.680578 0.234937 0.690344 0.214833 0.694531 0.207021 0.693984 0.189917 0.670531 0.175771 0.652109 0.158646 0.629516 0.149708 0.613047 0.137437 0.600484 0.130750 0.591828 0.125354 0.583187 0.119771 0.579562 0.114562
1 0.424484 0.345187 0.418328 0.356417 0.413469 0.360750 0.408938 0.369812 0.400188 0.378458 0.403750 0.397042 0.408938 0.414313 0.418016 0.429875 0.419313 0.420792 0.426438 0.420792 0.431625 0.432896 0.446531 0.443688 0.461109 0.447146 0.475359 0.447583 0.487031 0.443250 0.491563 0.436771 0.494469 0.425542 0.502578 0.406542 0.502578 0.392292 0.500953 0.378021 0.498688 0.362042 0.489609 0.371542 0.484750 0.368521 0.474391 0.353396 0.469203 0.350812 0.456250 0.349521 0.448469 0.341729 0.434219 0.340000
1 0.699141 0.315229 0.701375 0.304437 0.706953 0.287687 0.710578 0.275042 0.714766 0.261646 0.718953 0.254208 0.727891 0.259417 0.735984 0.267229 0.745750 0.278771 0.753000 0.286208 0.759422 0.292542 0.766125 0.301083 0.772547 0.306292 0.779234 0.310396 0.783703 0.314125 0.778687 0.322667 0.777562 0.327875 0.775047 0.337938 0.771141 0.345750 0.766672 0.357271 0.761937 0.369562 0.759703 0.379229 0.756359 0.386313 0.749375 0.393375 0.741000 0.400812 0.734031 0.395979 0.725656 0.390021 0.720625 0.384437 0.717562 0.376250 0.711422 0.374021 0.708078 0.372167 0.709750 0.366958 0.713375 0.362125 0.717562 0.359146 0.721187 0.357646 0.723141 0.354667 0.723703 0.350208 0.720359 0.343875 0.714766 0.334583 0.708344 0.328625 0.701375 0.321562
0 0.576125 0.337417 0.576766 0.317542 0.564141 0.317542 0.543406 0.311500 0.528172 0.330937 0.526234 0.330937 0.518781 0.330500 0.515859 0.341313 0.513594 0.356854 0.506141 0.386229 0.503219 0.402646 0.496750 0.420354 0.493188 0.431604 0.491891 0.440229 0.478281 0.451458 0.486703 0.463562 0.494469 0.473500 0.502250 0.476521 0.506469 0.478250 0.517484 0.490354 0.534328 0.499854 0.533359 0.493375 0.541453 0.483875 0.543719 0.471771 0.550203 0.460104 0.531406 0.459667 0.520078 0.459667 0.522656 0.439375 0.519422 0.414750 0.517797 0.380625 0.516188 0.337854 0.518453 0.330500 0.526875 0.331375 0.539187 0.334833 0.567047 0.338292
1 0.665937 0.365104 0.653375 0.381104 0.655328 0.393000 0.654484 0.398958 0.669000 0.400083 0.659797 0.414583 0.655891 0.417938 0.648062 0.426125 0.640250 0.427979 0.639422 0.442125 0.637750 0.451792 0.648344 0.462583 0.654203 0.467417 0.662578 0.482312 0.674578 0.503896 0.682672 0.487146 0.699703 0.457750 0.714766 0.435417 0.734859 0.409375 0.741000 0.400438 0.725656 0.390021 0.721469 0.385187 0.718125 0.375896 0.708078 0.371792 0.704719 0.374396 0.696344 0.383708 0.691891 0.388917 0.685187 0.389292 0.682125 0.385562 0.677656 0.378125 0.673187 0.370312
1 0.551875 0.197563 0.551094 0.191729 0.551250 0.183188 0.550469 0.175479 0.546094 0.157771 0.540781 0.144437 0.536094 0.135063 0.533125 0.125271 0.525000 0.131521 0.514531 0.144854 0.505469 0.154021 0.496250 0.164646 0.488750 0.173187 0.482656 0.183396 0.478594 0.195062 0.476406 0.205271 0.475625 0.216104 0.478281 0.226104 0.477813 0.231104 0.475312 0.239646 0.474375 0.250271 0.478437 0.245062 0.484844 0.245271 0.486875 0.247771 0.497344 0.235271 0.504375 0.224438 0.513594 0.224229 0.514375 0.212146 0.514375 0.189646 0.521563 0.182146 0.528438 0.189021 0.537813 0.192354 0.542031 0.197771 0.551875 0.197979
1 0.694531 0.191771 0.694531 0.206646 0.686438 0.222271 0.676953 0.243854 0.694266 0.260979 0.708484 0.276604 0.716031 0.258750 0.719938 0.253167 0.730266 0.260604 0.732219 0.246458 0.733891 0.236417 0.739187 0.224521 0.742266 0.215958 0.742266 0.209625
0 0.452344 0.127146 0.445156 0.136729 0.435781 0.148396 0.437812 0.156729 0.437969 0.163812 0.440469 0.167563 0.444688 0.171104 0.446406 0.180063 0.448750 0.182354 0.456094 0.184229 0.460156 0.186729 0.465938 0.186729 0.474375 0.187771 0.479687 0.188812 0.482344 0.183813 0.488750 0.173604 0.500156 0.160062 0.498281 0.147354 0.498281 0.139438 0.493750 0.134021 0.478906 0.133604 0.463125 0.131729 0.456250 0.128396
0 0.657109 0.265000 0.651250 0.279875 0.645953 0.289563 0.637016 0.297750 0.628641 0.305937 0.623906 0.310771 0.629203 0.316729 0.642328 0.330479 0.653203 0.344250 0.664375 0.361000 0.674687 0.372542 0.680828 0.384062 0.685578 0.388542 0.691156 0.389292 0.696734 0.382958 0.704281 0.374021 0.707906 0.369188 0.716281 0.361000 0.723812 0.356542 0.723812 0.350958 0.717109 0.337938 0.708469 0.327521 0.700094 0.320062 0.690875 0.308917 0.673859 0.288812 0.665203 0.278021
1 0.513547 0.224812 0.514672 0.215125 0.514672 0.203229 0.514672 0.190583 0.521359 0.183125 0.527234 0.188333 0.536156 0.191688 0.542297 0.196896 0.551234 0.198771 0.557922 0.199500 0.576625 0.199125 0.582484 0.208063 0.590016 0.215875 0.590578 0.227042 0.588344 0.238583 0.586953 0.245271 0.582484 0.242667 0.581094 0.236708 0.574391 0.226667 0.564906 0.222958 0.551781 0.220708 0.546484 0.212167 0.538109 0.208437
1 0.400031 0.379146 0.392906 0.384771 0.375406 0.380438 0.366656 0.383042 0.350141 0.385187 0.343000 0.384333 0.329391 0.383896 0.316766 0.383896 0.309641 0.392104 0.309953 0.399021 0.312875 0.413708 0.315141 0.430562 0.317078 0.447833 0.313203 0.455188 0.312547 0.456917 0.320969 0.462083 0.328109 0.465125 0.351437 0.465979 0.386422 0.465979 0.434375 0.465125 0.446031 0.464688 0.442469 0.454313 0.434047 0.446542 0.429516 0.437896 0.427250 0.422771 0.419141 0.418896 0.418828 0.429688 0.414281 0.421063 0.409109 0.413271 0.402953 0.395562
1 0.635234 0.343521 0.631609 0.364729 0.630484 0.381833 0.627969 0.388917 0.629094 0.396354 0.628250 0.407521 0.626297 0.420542 0.627141 0.432083 0.622391 0.444729 0.617922 0.459979 0.608156 0.465187 0.588906 0.465938 0.571047 0.465938 0.560438 0.464813 0.555969 0.461833 0.548719 0.459229 0.537000 0.459979 0.526391 0.460354 0.519688 0.459979 0.521641 0.441750 0.519141 0.418687 0.518859 0.398208 0.518016 0.384437 0.518297 0.364354 0.516344 0.340542 0.517453 0.330479 0.533922 0.334958 0.569922 0.338312 0.612906 0.339792 0.632719 0.338667
