1 0.445062 0.272354 0.435344 0.266313 0.418828 0.260688 0.401656 0.259396 0.391609 0.257229 0.387391 0.250750 0.384797 0.243417 0.377672 0.235208 0.359531 0.227000 0.358234 0.242125 0.352719 0.264583 0.348187 0.287479 0.346250 0.309083 0.343656 0.335000 0.343000 0.359625 0.340094 0.374312 0.348844 0.380792 0.362766 0.385979 0.375078 0.382521 0.380906 0.370854 0.385453 0.361792 0.391281 0.367396 0.397766 0.379062 0.401969 0.381646 0.403594 0.376042 0.420766 0.357021 0.433406 0.347958 0.445719 0.345375 0.464187 0.350542 0.472281 0.354000 0.444422 0.324208 0.452187 0.300000 0.432109 0.279708
1 0.626500 0.262000 0.626500 0.269333 0.623906 0.277542 0.629094 0.283167 0.631687 0.291375 0.631359 0.309521 0.629422 0.317292 0.624234 0.310812 0.613875 0.310812 0.603172 0.309083 0.595406 0.303458 0.586000 0.302167 0.579844 0.311229 0.573047 0.308208 0.585359 0.322896 0.593453 0.322479 0.606734 0.322896 0.616781 0.331542 0.629750 0.341479 0.635906 0.347104 0.650813 0.354438 0.653391 0.374312 0.655016 0.379062 0.690656 0.335000 0.699734 0.318146 0.702000 0.306063 0.706531 0.291375 0.709781 0.280125 0.694219 0.260688 0.678672 0.246000 0.672187 0.257667 0.666687 0.272792 0.658578 0.287042 0.647234 0.276688 0.642062 0.271063
0 0.562359 0.303458 0.555875 0.306917 0.541937 0.316000 0.542594 0.326792 0.547125 0.340187 0.548422 0.352271 0.551656 0.366104 0.541625 0.365229 0.535141 0.363083 0.522500 0.366958 0.510844 0.368688 0.505328 0.366104 0.498844 0.365667 0.498203 0.379062 0.496266 0.397646 0.499828 0.405854 0.498844 0.414479 0.510188 0.399792 0.520563 0.410604 0.527359 0.411021 0.534812 0.411458 0.552312 0.424854 0.559438 0.401958 0.561063 0.392458 0.562672 0.370854 0.565594 0.351854 0.562031 0.338458 0.558469 0.319438 0.568187 0.318583 0.569156 0.306063
1 0.529625 0.124625 0.521203 0.137146 0.508891 0.150104 0.495281 0.162208 0.483625 0.181646 0.482328 0.195458 0.475844 0.204104 0.474547 0.212312 0.478437 0.231313 0.480063 0.243417 0.487828 0.244271 0.504031 0.231750 0.515375 0.228729 0.515375 0.216208 0.516344 0.206687 0.519266 0.185958 0.527688 0.193729 0.540000 0.198062 0.553281 0.199354 0.551984 0.173437 0.544859 0.153562 0.535469 0.128500
1 0.577578 0.201083 0.587297 0.198479 0.591516 0.195458 0.596703 0.182938 0.603172 0.192875 0.609016 0.208854 0.621000 0.227438 0.626500 0.246875 0.629094 0.259396 0.626500 0.259833 0.626500 0.268042 0.624234 0.277542 0.630391 0.287042 0.631687 0.296542 0.632016 0.309521 0.630062 0.319438 0.623266 0.310812 0.611609 0.310375 0.601875 0.309083 0.596375 0.303458 0.586000 0.301729 0.591844 0.291792 0.586656 0.284896 0.586000 0.270208 0.580172 0.239958 0.581797 0.218354 0.576609 0.209292
1 0.398094 0.380354 0.391609 0.382521 0.382859 0.382521 0.376375 0.380792 0.361156 0.385104 0.350781 0.384250 0.339125 0.383375 0.324531 0.382958 0.317078 0.381646 0.309312 0.392021 0.312547 0.408438 0.314500 0.420542 0.315469 0.433063 0.316438 0.444292 0.315797 0.452063 0.312219 0.455958 0.318063 0.461146 0.322922 0.466333 0.362766 0.465458 0.416234 0.465896 0.444734 0.464167 0.448953 0.455521 0.440531 0.449479 0.432437 0.446021 0.429516 0.433063 0.424656 0.418812 0.419797 0.417521 0.407484 0.397646 0.402625 0.380354
0 0.453172 0.300000 0.444094 0.323333 0.455766 0.335437 0.470344 0.350979 0.486531 0.371729 0.490750 0.374312 0.499172 0.360917 0.486219 0.338021 0.474547 0.317292
1 0.504031 0.368688 0.509547 0.356604 0.519906 0.341479 0.528984 0.328083 0.540641 0.318583 0.554906 0.308208 0.563656 0.303896 0.574016 0.306479 0.579531 0.309521 0.583406 0.303458 0.590547 0.293521 0.590547 0.290063 0.585687 0.283167 0.585687 0.268042 0.583734 0.254646 0.580172 0.240396 0.580828 0.225271 0.581797 0.218354 0.576609 0.210146 0.577906 0.200208 0.578547 0.194604 0.569813 0.201083 0.548750 0.211875 0.532875 0.217062 0.517641 0.229583 0.503391 0.233042 0.493344 0.239958 0.485563 0.246438 0.475203 0.252479 0.465484 0.258958 0.456734 0.266313 0.448313 0.273646 0.432750 0.278833 0.453484 0.301312 0.474875 0.320312 0.492375 0.348813
1 0.718203 0.254646 0.712688 0.265875 0.712047 0.274958 0.708484 0.285750 0.703297 0.300438 0.700047 0.315563 0.692922 0.333708 0.689359 0.339750 0.686125 0.354875 0.697781 0.358333 0.702328 0.370854 0.717219 0.374750 0.733422 0.391583 0.743797 0.400229 0.757719 0.388562 0.760641 0.374750 0.766469 0.358333 0.769719 0.348396 0.775875 0.337583 0.783641 0.331104 0.788188 0.321604 0.787859 0.313396 0.773609 0.303021 0.754156 0.287042 0.736344 0.269333 0.728891 0.253792
1 0.551344 0.198917 0.552312 0.184667 0.558797 0.175167 0.563000 0.163062 0.568516 0.152688 0.572391 0.141021 0.573375 0.131104 0.578875 0.115979 0.590859 0.127646 0.609656 0.136708 0.621641 0.146208 0.638813 0.154854 0.649516 0.160042 0.660203 0.169979 0.675109 0.179479 0.685469 0.184229 0.693578 0.189854 0.694219 0.198062 0.694547 0.208000 0.687094 0.224833 0.679641 0.242125 0.673484 0.253354 0.669281 0.264146 0.658906 0.287917 0.645625 0.274083 0.627797 0.262417 0.627484 0.252062 0.622625 0.228729 0.615172 0.217917 0.606094 0.202375 0.597016 0.182500 0.591844 0.194167 0.585359 0.197188 0.578547 0.199792 0.577906 0.195458 0.570453 0.198917 0.560078 0.204542
1 0.481672 0.189417 0.468719 0.186812 0.453813 0.183375 0.447984 0.182500 0.439234 0.181208 0.428547 0.187688 0.419141 0.191146 0.415266 0.190271 0.410391 0.190271 0.401969 0.198917 0.396469 0.209292 0.395813 0.222250 0.392578 0.231313 0.386750 0.238229 0.382531 0.239958 0.387062 0.245146 0.390953 0.252479 0.395172 0.258958 0.409422 0.251625 0.419797 0.253354 0.433719 0.249896 0.443453 0.254208 0.451875 0.260688 0.459641 0.263729 0.470656 0.258104 0.475203 0.253354 0.477797 0.240396 0.476500 0.223542 0.474875 0.208417
1 0.543234 0.314688 0.542906 0.325500 0.546797 0.340625 0.549719 0.360917 0.551016 0.366104 0.538047 0.362208 0.518938 0.366104 0.510516 0.368688 0.506297 0.366104 0.511484 0.351854 0.521203 0.339750 0.527688 0.325917
1 0.677047 0.246000 0.681266 0.237375 0.685797 0.227854 0.691953 0.216625 0.694875 0.208854 0.695516 0.196333 0.705562 0.198062 0.714953 0.202375 0.728563 0.206687 0.743469 0.208417 0.741531 0.217062 0.738281 0.224833 0.735687 0.238667 0.733109 0.253354 0.732125 0.258542 0.729219 0.251625 0.716906 0.255083 0.712359 0.261125 0.710422 0.271063 0.709781 0.279708 0.702641 0.271917 0.694547 0.261125
1 0.510188 0.401521 0.502406 0.411458 0.494969 0.425292 0.488812 0.437375 0.476500 0.446458 0.461266 0.449042 0.453813 0.449479 0.447984 0.459417 0.443453 0.466333 0.456734 0.468917 0.476813 0.476687 0.496578 0.486208 0.527688 0.487917 0.549063 0.486208 0.567219 0.478000 0.579531 0.467187 0.563328 0.464604 0.559438 0.457687 0.559109 0.443854 0.561063 0.434354 0.556516 0.422271 0.557172 0.406708 0.558141 0.400667 0.554250 0.412750 0.551656 0.425729 0.545500 0.420958 0.536438 0.413188 0.521203 0.411458
1 0.578875 0.318146 0.574672 0.319438 0.565266 0.319875 0.557500 0.319875 0.560078 0.334125 0.563969 0.347521 0.567859 0.361792 0.572391 0.380354 0.579531 0.389437 0.584391 0.405417 0.598641 0.419229 0.610313 0.425729 0.622938 0.430042 0.642375 0.427021 0.652750 0.422687 0.659234 0.417083 0.665391 0.399792 0.654047 0.394625 0.653078 0.370854 0.650813 0.353146 0.634938 0.344938 0.620672 0.332833 0.606094 0.322479 0.584063 0.322479
1 0.562359 0.431333 0.560406 0.435646 0.559109 0.443437 0.559109 0.455521 0.561703 0.464167 0.570125 0.465896 0.581141 0.467187 0.584703 0.466333 0.589250 0.463729 0.592812 0.457687 0.597344 0.450333
1 0.689688 0.335437 0.672844 0.357021 0.653078 0.378625 0.654047 0.395479 0.665063 0.399375 0.663125 0.404542 0.656969 0.418375 0.646594 0.427021 0.641078 0.429167 0.638172 0.445167 0.637516 0.450771 0.643672 0.458125 0.651125 0.464167 0.660531 0.480146 0.673156 0.504333 0.685156 0.484479 0.703625 0.454229 0.718844 0.430042 0.742828 0.399792 0.733422 0.390292 0.724672 0.382083 0.716906 0.373437 0.702000 0.369562 0.698438 0.359625 0.686453 0.354000
0 0.450578 0.128500 0.445391 0.136708 0.437297 0.146646 0.436000 0.148813 0.437937 0.159167 0.439562 0.165229 0.444094 0.171271 0.446359 0.181208 0.482969 0.189854 0.483953 0.181208 0.494641 0.161333 0.500141 0.154854 0.498203 0.140167 0.493016 0.133688
0 0.569156 0.371292 0.561063 0.386833 0.556844 0.427875 0.628125 0.464167 0.638172 0.448188 0.642062 0.428312 0.623266 0.430479 0.604156 0.423563 0.589891 0.411458 0.581469 0.403250 0.575969 0.385542
1 0.401000 0.379062 0.409109 0.370854 0.420125 0.357458 0.433078 0.347521 0.446688 0.346667 0.457047 0.350125 0.472281 0.353146 0.487828 0.373875 0.492047 0.374312 0.498203 0.364813 0.498203 0.371729 0.496578 0.385104 0.495937 0.396333 0.499172 0.405854 0.498844 0.414917 0.488812 0.438250 0.475844 0.446896 0.456078 0.449042 0.450578 0.454667 0.447656 0.455521 0.443125 0.446896 0.437937 0.447313 0.440859 0.438250 0.435016 0.429167 0.426281 0.420104 0.420125 0.416646 0.411375 0.402396 0.408781 0.400667
